image_width: 1280
image_height: 960
camera_name: right
camera_matrix:
  rows: 3
  cols: 3
  data: [830.5069265396211, 0, 688.1556841955913, 0, 830.3524345250231, 539.2116831059617, 0, 0, 1]
distortion_model: plumb_bob
distortion_coefficients:
  rows: 1
  cols: 5
  data: [-0.3426239012662443, 0.08251608815670455, 0.002688187352513777, -0.001448044719118198, 0]
rectification_matrix:
  rows: 3
  cols: 3
  data: [0.9999963355144307, -0.0004419367832392196, 0.002670889288198103, 0.000446599322365497, 0.9999983771609102, -0.001745343688480901, -0.002670113622199226, 0.001746530110040369, 0.9999949100499559]
projection_matrix:
  rows: 3
  cols: 4
  data: [774.3112771918526, 0, 659.1462936401367, -46.23921952191687, 0, 774.3112771918526, 527.8366203308105, 0, 0, 0, 1, 0]